% # columns="iteration, evaluation, void, void, void, xmean", seed=541523, Wed Jan 14 15:18:57 2026, <python>{}</python> # scaling_of_variables: 1, typical_x: 0
1 8 0 0 0 -0.23274543528509817 0.2501115744441227 -0.093568382492218 0.24267226160719244
2 16 0 0 0 0.2135254210439008 0.3646503848236885 -0.10036049359635806 0.2091252258507629
3 24 0 0 0 0.16134208808981065 0.10389050708983612 0.05403744991568993 0.1871172139007398
4 32 0 0 0 0.33025671139953755 0.2315305916332369 0.07938143078862889 0.12296312349153662
5 40 0 0 0 0.48749154754096286 0.34668096807942955 0.03067868780351107 0.06137609096326115
6 48 0 0 0 0.5934648405331733 0.45320625558302685 0.1451581717235068 0.15872544904908353
7 56 0 0 0 0.6611034538001074 0.4895695556626165 0.07319888575968422 -0.03932840723031921
8 64 0 0 0 0.5233852493893155 0.292066091932631 -0.039450841302140646 -0.055748298298449565
9 72 0 0 0 0.45766693272075465 0.20954069839483874 0.062029229123820834 -0.03946007707779243
10 80 0 0 0 0.6411002147778582 0.3783981510157234 0.11278057394677628 0.0631176610026037
11 88 0 0 0 0.5874306457390968 0.387437064524615 0.16422967985698467 0.030225643375881673
12 96 0 0 0 0.6033375455152812 0.34249859434359897 0.10272656116798692 -0.011727757993229285
13 104 0 0 0 0.6654543224898452 0.4953300744737027 0.1962313396886954 0.04383203987999331
14 112 0 0 0 0.5991251929624376 0.4200288524864305 0.19362432516693795 -0.005873593097763671
15 120 0 0 0 0.6511655934221099 0.45748000173518677 0.22592193818170617 0.0478383343519477
16 128 0 0 0 0.7086471128429078 0.5344110980924455 0.2900874317455795 0.11780652268531652
17 136 0 0 0 0.7150740673512743 0.5779336705396663 0.3302603526246594 0.10935304671437142
18 144 0 0 0 0.7179200970392448 0.5186194386886843 0.2688171551579579 0.057451139430478214
19 152 0 0 0 0.760628247352401 0.6050547437635158 0.34749671286083916 0.1438423863096092
20 160 0 0 0 0.7971094272210948 0.613029418640012 0.39774354278794255 0.13496284117012117
21 168 0 0 0 0.7194779370054192 0.5316369516368048 0.29684280961616066 0.09286794834311976
22 176 0 0 0 0.7221584512082132 0.5295440455232602 0.3087531418369129 0.09024361428157288
23 184 0 0 0 0.7668872449138644 0.5793930076216816 0.3333408958388112 0.13089340947531206
24 192 0 0 0 0.770862113066558 0.5895487889219012 0.36204521553865304 0.13852232844226975
25 200 0 0 0 0.7763554472975918 0.6005974370351765 0.3723646083690232 0.13100396851975676
26 208 0 0 0 0.7983012434695524 0.6322960445132206 0.39502492851282284 0.15539899301637386
27 216 0 0 0 0.8030400551263011 0.6341742220300018 0.4052650872298952 0.16052795074674195
28 224 0 0 0 0.8163331939481006 0.6540106608087091 0.42553905087740684 0.17679216948631699
29 232 0 0 0 0.8192493342456673 0.6591756714244249 0.4247450555685859 0.1787432022856226
30 240 0 0 0 0.8101218599842928 0.6531393661887803 0.4191200073508617 0.17521890733063883
31 248 0 0 0 0.8174793465678798 0.6629896765609051 0.43451305305984567 0.17903522315188564
32 256 0 0 0 0.8218582450778477 0.6733835232852574 0.43774463714614675 0.1863051944216363
33 264 0 0 0 0.8295920321199586 0.6774745150669282 0.4473253888861668 0.19873731675873602
34 272 0 0 0 0.8240086412818678 0.6703742778504117 0.4396894949184257 0.19248737350644946
35 280 0 0 0 0.8206592462421443 0.6680201261280823 0.4404982122807458 0.1929583619986029
36 288 0 0 0 0.8283725856241758 0.6789136747184504 0.45289228391266445 0.20141406700715941
37 296 0 0 0 0.8282667321679275 0.679073170754511 0.4581150266588119 0.20410216177605459
38 304 0 0 0 0.8258875674468467 0.6773010698377829 0.4586210699087653 0.20658653502782554
39 312 0 0 0 0.8357429129856742 0.6871924324239042 0.47088024130248063 0.21509228368083705
40 320 0 0 0 0.8443859941269802 0.6999400744201224 0.48445414811258947 0.22550952077293013
41 328 0 0 0 0.8467980666295114 0.7062589275470641 0.49172598322327987 0.23254268418195864
42 336 0 0 0 0.8577562178225868 0.7215497874973062 0.5103103149298663 0.25071205291049636
43 344 0 0 0 0.8583709965633741 0.7254552915473624 0.5171505666075487 0.2623761024331701
44 352 0 0 0 0.866973935953477 0.7445972485437512 0.5448327412584976 0.29028603030673195
45 360 0 0 0 0.8780205471394547 0.7551446779080285 0.5653284290885532 0.3057964589936187
46 368 0 0 0 0.8780802013896227 0.7637790740525953 0.5889677658593764 0.33037153550035625
47 376 0 0 0 0.8784200175737804 0.7621187806418993 0.5858812511055913 0.3345833702402422
48 384 0 0 0 0.8928292185820725 0.7875156780574402 0.6248345549348563 0.3814070119483277
49 392 0 0 0 0.9058964839951238 0.8130839948110415 0.6486345053341291 0.41496517560302326
50 400 0 0 0 0.9095477406275925 0.8275768721259447 0.6835451687911769 0.45571680484136623
51 408 0 0 0 0.9357526842398152 0.8653739045510247 0.7376307702049278 0.5264181122262465
52 416 0 0 0 0.9246558049649068 0.8514584263308071 0.7102109473353404 0.5000950538427369
53 424 0 0 0 0.9158013839545354 0.8486484487281887 0.7305464326650302 0.5236901867033071
54 432 0 0 0 0.9083388556861256 0.8236174046812237 0.6837516555391436 0.4663198383653495
55 440 0 0 0 0.9119067834487737 0.8380262885505991 0.7087093383686913 0.49104827275593976
56 448 0 0 0 0.9005537127147916 0.819605713428831 0.6811520239751736 0.4620636039637859
57 456 0 0 0 0.9178072565973184 0.8462002256543619 0.7225253875300732 0.5232259855800557
58 464 0 0 0 0.9194630974535679 0.8477687119243131 0.7218969677607827 0.5306435164868178
59 472 0 0 0 0.9259050498824604 0.8566399293351523 0.7468830636133046 0.560379653641036
60 480 0 0 0 0.9373350881238736 0.8787085392001327 0.7713861911909283 0.5861510810243407
61 488 0 0 0 0.9491462095720458 0.8991777479057927 0.8077939763600338 0.6493043442268299
62 496 0 0 0 0.9597887488752169 0.9156787377984348 0.8357716732380253 0.6863360019381769
63 504 0 0 0 0.9570275791901406 0.9186525579081118 0.8374612070245635 0.6899260477624177
64 512 0 0 0 0.9640568162967459 0.9350164562709435 0.8636861655831607 0.742566243968612
65 520 0 0 0 0.9689441788686237 0.9480077921658325 0.8846554662578563 0.7850481062705851
66 528 0 0 0 0.9644536603982148 0.9422858137153464 0.8735348590452547 0.7739318137414892
67 536 0 0 0 0.9607572578684552 0.9369008499436398 0.8561498402254201 0.7417629192119932
68 544 0 0 0 0.9520227177606073 0.9204499194897894 0.8310765377500429 0.6893665630989144
69 552 0 0 0 0.9646717619280883 0.9310149211904547 0.8593219351270027 0.7435832441413042
70 560 0 0 0 0.9696962927102853 0.9403402259312721 0.875753910261351 0.7634833718412484
71 568 0 0 0 0.9708892739734628 0.9418534314413534 0.8842909741400728 0.7862237311378801
72 576 0 0 0 0.9713537662807902 0.9482007190723556 0.8941928771701761 0.8049542342617132
73 584 0 0 0 0.9714317946634321 0.9489948119118624 0.8943562929650257 0.8010303519994721
74 592 0 0 0 0.9771225348222012 0.9572997338007491 0.911578152419045 0.8294906053199116
75 600 0 0 0 0.9782086467753113 0.9573714283013618 0.9117769425655299 0.8319195095223618
76 608 0 0 0 0.9837020451564733 0.9662074537610801 0.9322081952160828 0.8694564263606714
77 616 0 0 0 0.9882988954771941 0.9723585159845833 0.9411721473511678 0.8855636768237025
78 624 0 0 0 0.986478702911735 0.9710923026840435 0.9419398536869675 0.885293863723871
79 632 0 0 0 0.9901182333983702 0.9817237940462598 0.9642800071078619 0.9321464428709991
80 640 0 0 0 0.9906176798383025 0.9843936551856457 0.9678636894007678 0.9362415925714886
81 648 0 0 0 0.9902929601225269 0.9842444333815034 0.967910259333989 0.9355988449647966
82 656 0 0 0 0.9935389193776218 0.9868772754384867 0.9732007473143762 0.9468243638506333
83 664 0 0 0 0.9955944855342714 0.9895713100095914 0.9801097817161234 0.9601519563789795
84 672 0 0 0 0.9951898526526229 0.9928413886405889 0.9844300933200183 0.9696161050729897
85 680 0 0 0 0.9955111019444092 0.9920018638091062 0.9850323371713141 0.9709977893930412
86 688 0 0 0 0.9947789311377107 0.9891631938410347 0.9797799096223605 0.9596149374201823
87 696 0 0 0 0.9948822736082621 0.9902541399573196 0.9808290121783718 0.961662018891078
88 704 0 0 0 0.998160886773088 0.9958143767744447 0.9917966053765259 0.9825843165180606
89 712 0 0 0 0.9982565626799107 0.9955698516016638 0.9919301052360823 0.9827822263099533
90 720 0 0 0 1.0005425518835105 1.0007831899552948 1.0010482398015226 1.0016012331667448
91 728 0 0 0 0.9977236835038304 0.9954749122225424 0.9911426692790342 0.9833181052628904
92 736 0 0 0 1.0018764189605178 1.0028267316753394 1.0061834921680948 1.0125199062177663
93 744 0 0 0 1.0019297190940428 1.0025681232626997 1.0059557903209555 1.0113078016892607
94 752 0 0 0 1.0018784380368124 1.0031496575138117 1.0062499438187795 1.0132602133173494
95 760 0 0 0 1.0014063225332936 1.0024145611763917 1.0044402257858371 1.009194072611584
96 768 0 0 0 1.0012251932059917 1.0024148760015275 1.0041100842294641 1.0086579061808247
97 776 0 0 0 1.0002442876994793 1.0002785200271318 1.0004695307719167 1.0013140790947446
98 784 0 0 0 1.0003199725802605 1.0006116187284981 1.0010090968061347 1.002272413618246
99 792 0 0 0 0.999947189276664 0.9998640182449061 0.9998782821564134 0.9998646331027194
100 800 0 0 0 1.000008810289581 0.9999673899936075 1.0000564500860265 1.0000318895276537
101 808 0 0 0 1.0003150991145526 1.000510636864691 1.0009853774547441 1.0018758382417858
102 816 0 0 0 1.0003106366795993 1.0005483439245173 1.001077721409927 1.0020456083058893
103 824 0 0 0 0.9999218476413139 0.9998878838163539 0.9998760372721054 0.9997444322624573
104 832 0 0 0 1.000164422095904 1.0003706431674975 1.000843668260905 1.001671520384122
105 840 0 0 0 1.0000089968391945 0.9999863141260752 0.9999949415478668 0.9999809867133554
106 848 0 0 0 0.9999778275785554 0.9999207378752573 0.9997962375279985 0.9995287035027989
107 856 0 0 0 1.0001034626620382 1.0002153085190189 1.0004722609194363 1.0009256633061776
108 864 0 0 0 1.000072863509812 1.0001727868738801 1.000405252372402 1.000797650301403
109 872 0 0 0 0.9999904559837334 1.000048454525045 1.000089069949622 1.0001741497215602
110 880 0 0 0 1.0001234315450946 1.0002927463548992 1.0005854909655922 1.0011447428036393
111 888 0 0 0 1.0001068720758952 1.0002530261704792 1.0005275159577707 1.0010627886081793
112 896 0 0 0 0.9999852789934706 1.0000214799389333 1.0000402765128864 1.0001349612268091
113 904 0 0 0 1.0000627220351828 1.000139324352613 1.0002822393787467 1.0005803138841407
114 912 0 0 0 0.9999560474504824 0.9999293368978052 0.9998773685951992 0.9997944712164604
115 920 0 0 0 0.9999720330047774 0.9999613810099506 0.9999277814063462 0.9998895579179405
116 928 0 0 0 1.000065662581719 1.0001185135171249 1.000243607116049 1.0004922007775068
117 936 0 0 0 1.0000141499733195 1.0000409566656696 1.0000843960913408 1.0001638573251093
118 944 0 0 0 1.0000332865836945 1.0000796869507265 1.0001709110824104 1.000343325009324
119 952 0 0 0 1.0000084961181956 1.0000309043097189 1.0000649025406108 1.0001317319055465
120 960 0 0 0 0.9999949404691715 0.9999922933266656 0.9999807158363676 0.9999698131973405
121 968 0 0 0 1.000003075995643 1.0000104578574047 1.0000174469302732 1.0000373327435934
122 976 0 0 0 1.0000021406213044 0.9999951642133497 0.9999957193359403 0.9999934957389579
123 984 0 0 0 1.0000039574002348 1.0000094319219868 1.0000199668146186 1.0000385738828022
124 992 0 0 0 1.0000015270399802 1.0000053713541524 1.000007758425343 1.0000113483101623
125 1000 0 0 0 0.9999973400281406 0.9999966250240512 0.9999932510453213 0.999979788523143
126 1008 0 0 0 0.9999923009531363 0.999982917399989 0.999963225022324 0.9999239565840545
127 1016 0 0 0 1.0000044412163689 1.0000079198510046 1.0000158362722968 1.0000281186091153
128 1024 0 0 0 0.9999860641744216 0.9999730775255018 0.9999492299881187 0.9998940609599687
129 1032 0 0 0 0.9999885762897784 0.9999803167688861 0.9999617256979546 0.9999211003923916
130 1040 0 0 0 0.9999934532821605 0.9999893378668285 0.9999805830049746 0.99995882627428
131 1048 0 0 0 1.0000007512023006 1.0000029565554156 1.0000073098239715 1.0000106421213468
132 1056 0 0 0 0.9999965832327038 0.99999339273938 0.9999876226467426 0.9999718109318563
133 1064 0 0 0 0.9999934251683671 0.9999868702803918 0.9999745259710326 0.9999467905906922
134 1072 0 0 0 0.999995202772368 0.9999903364405057 0.999981103734942 0.9999600879784728
135 1080 0 0 0 0.9999972897444425 0.9999945308391514 0.999989301587608 0.9999770643278898
136 1088 0 0 0 0.999997319041418 0.9999947377951199 0.9999896347384406 0.9999778081829601
137 1096 0 0 0 1.0000003689792418 1.0000009202765359 1.0000027525334303 1.0000040226081404
138 1104 0 0 0 0.9999995206171339 0.9999986974534044 0.999997836247738 0.9999945315855898
139 1112 0 0 0 0.9999991899694547 0.9999986776193643 0.9999982990001741 0.9999961327553799
140 1120 0 0 0 0.9999994137909217 0.9999983368081204 0.9999972333381162 0.9999941543347011
141 1128 0 0 0 0.999999882607133 0.9999995557236028 0.9999999025963879 0.9999996818943726
142 1136 0 0 0 1.0000001748732978 1.0000003817793635 1.00000147328208 1.0000029741416334
143 1144 0 0 0 1.000000152634105 1.0000004751241645 1.0000016580905537 1.0000033810123035
144 1152 0 0 0 1.0000007004357596 1.000001746816529 1.000004157034451 1.0000084978787092
145 1160 0 0 0 1.0000007459994313 1.000001879051517 1.0000041348990123 1.000008682316109
146 1168 0 0 0 1.0000001250981094 1.0000006372221308 1.0000018987367802 1.0000039328243728
147 1176 0 0 0 1.0000005796674216 1.00000128133885 1.0000028761781874 1.0000059657296254
148 1184 0 0 0 1.0000002001386898 1.0000005655933908 1.0000011618796334 1.00000211263086
149 1192 0 0 0 0.9999999201824912 0.999999949511584 0.9999998927078144 0.9999997336319109
150 1200 0 0 0 1.0000000043261807 1.00000012098433 1.0000003903675199 1.0000007980524712
151 1208 0 0 0 0.9999996322502588 0.9999992605727686 0.9999984864821181 0.999996985532752
152 1216 0 0 0 0.9999999502607925 0.9999999061340568 0.9999998104490224 0.9999997580310884
153 1224 0 0 0 0.9999999381997915 0.9999998983701889 0.9999997706385957 0.9999996634191206
154 1232 0 0 0 0.9999998773417678 0.9999998187244227 0.9999995592858599 0.9999992638608144
155 1240 0 0 0 1.0000001045221163 1.0000001891515748 1.0000003204372554 1.0000006997818556
156 1248 0 0 0 1.0000000256441441 1.0000000942804474 1.0000001594771923 1.0000003566742441
157 1256 0 0 0 1.0000000379503926 1.0000000875853126 1.0000001878173526 1.0000004032211165
158 1264 0 0 0 1.0000000376505724 1.0000000777313696 1.0000001207397382 1.0000002666622172
159 1272 0 0 0 0.9999999788268262 0.9999999481861241 0.9999998651871085 0.9999997404017265
160 1280 0 0 0 0.9999999992788056 0.9999999826537533 0.9999999928714669 0.9999999806504081
161 1288 0 0 0 0.9999999874878791 0.9999999728452362 0.9999999501159353 0.9999998962817211
162 1296 0 0 0 0.9999999769383334 0.9999999607402577 0.9999998936667305 0.9999997660566686
163 1304 0 0 0 0.9999999788231537 0.9999999741863411 0.9999999427510946 0.9999998882690511
164 1312 0 0 0 0.9999999910669448 0.9999999886172329 0.9999999771204615 0.9999999599295917
165 1320 0 0 0 0.9999999933471213 0.9999999749364799 0.9999999603353278 0.9999999215140842
166 1328 0 0 0 0.9999999751510461 0.9999999572818379 0.9999999216511888 0.999999855101476
167 1336 0 0 0 0.9999999922005491 0.9999999960761098 0.9999999831453427 0.9999999803340143
168 1344 0 0 0 1.0000000037799968 1.0000000190997074 1.0000000356983874 1.000000069588185
169 1352 0 0 0 0.9999999999595511 1.000000003161544 1.0000000135151348 1.0000000236054785
170 1360 0 0 0 0.9999999983112026 1.0000000011969594 1.0000000076731321 1.0000000112550962
171 1368 0 0 0 1.0000000015754638 1.0000000030895135 1.0000000041144579 1.0000000031638856
172 1376 0 0 0 1.0000000095924793 1.0000000145742687 1.0000000298890819 1.0000000609662463
173 1384 0 0 0 1.0000000072015793 1.0000000078019182 1.0000000190301233 1.000000039313618
174 1392 0 0 0 0.9999999936419196 0.9999999850682595 0.999999974788669 0.9999999470023807
175 1400 0 0 0 0.9999999995646898 1.0000000004206604 1.0000000020662436 1.0000000011714723
176 1408 0 0 0 0.9999999951622787 0.9999999913500119 0.9999999851711289 0.9999999680523739
